-0.02	18.71	2.67	4.05	0	a01-000u.png	
0.04	12.0	3.5	17.64	-5	a01-000x.png	
0.04	13.9	4.75	8.32	45	a01-003.png	
-0.26	18.18	1.71	3.64	-15	a01-003u.png	
0.02	19.33	2.74	6.11	15	a01-003x.png	
-0.26	8.11	4.32	23.98	30	a01-007.png	
-0.4	18.8	1.76	5.14	-15	a01-007u.png	
0.39	18.75	3.89	5.83	15	a01-007x.png	
0.2	18.86	0.95	8.22	0	a01-011.png	
-0.21	18.9	1.48	3.92	-15	a01-011u.png	
0.0	21.11	0.62	7.4	15	a01-011x.png	
0.4	18.7	0.7	6.19	-5	a01-014.png	
-0.41	17.12	1.46	6.33	-15	a01-014u.png	
0.64	9.33	7.93	14.4	30	a01-014x.png	
-0.19	14.22	6.05	13.18	30	a01-020.png	
-0.27	16.38	2.08	5.16	-15	a01-020u.png	
0.05	18.0	4.5	9.06	180	a01-020x.png	
-0.29	14.0	4.29	10.57	15	a01-026.png	
-0.57	18.55	1.89	3.04	-15	a01-026u.png	
-0.0	12.7	4.33	6.73	30	a01-026x.png	
0.08	18.62	0.16	8.3	0	a01-030.png	
-0.08	16.2	1.98	5.44	-15	a01-030u.png	
0.26	19.56	3.02	8.0	180	a01-030x.png	
-0.13	17.15	0.82	7.15	-5	a01-038.png	
0.0	9.22	4.77	18.49	0	a01-038x.png	
-0.19	16.9	0.83	8.53	15	a01-043.png	
-0.44	17.78	1.74	4.76	-15	a01-043u.png	
0.33	16.14	3.1	11.75	0	a01-043x.png	
-0.27	19.36	1.65	4.82	30	a01-049.png	
-1.13	16.18	1.98	6.08	-15	a01-049u.png	
-0.11	15.09	1.99	5.19	180	a01-049x.png	
-0.27	39.0	0.13	3.41	45	a01-053.png	
-0.02	15.4	2.08	4.97	180	a01-053u.png	
0.16	22.44	2.45	7.99	30	a01-053x.png	
-0.58	53.88	0.24	2.23	45	a01-058.png	
-0.33	17.11	1.93	5.99	0	a01-058u.png	
0.2	24.44	0.29	7.27	30	a01-058x.png	
-0.22	43.2	0.23	3.11	30	a01-063.png	
0.3	15.0	2.33	8.37	-15	a01-063u.png	
0.8	15.7	4.52	4.88	30	a01-063x.png	
0.24	4.67	7.49	19.31	15	a02-078.png	
0.42	16.82	1.61	7.04	45	c06-116.png	
0.06	18.0	1.22	6.62	180	c06-128.png	
0.29	28.8	0.8	3.99	0	c06-138.png	
-0.32	10.5	5.71	14.02	30	d01-016.png	
-0.39	11.5	1.22	11.04	30	d01-019.png	
0.08	16.71	2.09	9.94	0	d01-024.png	
-0.12	16.75	4.9	10.37	15	d01-049.png	
-0.1	17.12	2.1	11.54	15	d01-052.png	
0.05	11.33	1.68	11.71	180	d01-056.png	
0.42	6.8	6.76	14.43	180	d01-060.png	
-0.05	15.5	2.39	7.46	-15	a01-068u.png	
0.12	14.0	2.29	8.97	0	a01-072u.png	
-0.05	12.86	6.69	16.81	-5	a01-072x.png	
0.15	16.89	1.07	9.34	15	a01-077.png	
-0.18	14.38	2.5	6.06	-15	a01-077u.png	
-0.4	15.1	2.72	7.95	0	a01-082u.png	
-0.27	24.5	3.92	6.3	15	a01-087.png	
-0.03	14.22	2.67	7.13	-15	a01-087u.png	
-0.07	19.3	1.04	8.26	15	a01-091.png	
-0.26	15.0	2.2	7.51	0	a01-091u.png	
-0.43	15.3	2.55	6.43	0	a01-096u.png	
0.35	18.36	0.76	9.7	15	a01-102.png	
-1.02	14.67	2.52	7.77	0	a01-102u.png	
-0.17	15.2	2.37	8.17	15	a01-107.png	
-0.71	13.12	3.28	7.28	-15	a01-107u.png	
-0.15	14.75	1.15	9.52	15	a01-113.png	
-0.27	14.73	2.78	5.78	-15	a01-113u.png	
0.3	23.5	0.38	7.83	30	a01-117.png	
-0.23	15.55	2.38	5.44	-15	a01-117u.png	
0.26	24.0	1.29	8.14	30	a01-122.png	
0.03	13.6	3.09	9.29	-15	a01-122u.png	
0.31	25.0	0.4	7.54	30	a01-128.png	
-0.65	14.64	2.53	7.18	-15	a01-128u.png	
-0.05	13.64	2.79	11.58	-5	a01-132.png	
-0.07	12.8	2.42	7.89	-15	a01-132u.png	
-0.05	15.33	1.44	7.31	180	a01-132x.png	
0.18	11.38	1.58	16.04	45	a02-000.png	
0.35	16.0	3.56	8.6	30	a02-004.png	
0.31	12.12	0.33	12.43	30	a02-008.png	
0.14	17.8	3.48	7.04	0	a02-012.png	
-0.56	9.25	3.57	17.77	15	a02-017.png	
-0.48	9.83	5.09	12.92	30	a02-020.png	
-0.14	8.75	4.91	19.6	15	a02-024.png	
-0.57	11.56	6.75	9.91	15	a02-027.png	
-0.47	9.14	3.39	15.05	15	a02-032.png	
-0.21	17.8	1.35	7.6	30	a02-037.png	
0.1	17.43	2.47	7.04	15	a02-042.png	
0.12	9.83	2.24	14.12	-15	a02-046.png	
0.04	15.0	5.13	11.66	30	a02-050.png	
0.03	13.38	6.95	12.57	180	a02-053.png	
0.11	19.62	2.45	5.64	0	a02-057.png	
0.22	13.57	6.12	10.7	15	a02-062.png	
0.51	14.8	2.09	7.84	180	a02-067.png	
-0.0	17.12	5.9	10.99	0	a02-072.png	
0.15	15.25	1.64	12.07	0	a02-082.png	
0.1	17.29	2.08	9.92	0	a02-086.png	
0.23	19.83	2.62	6.61	15	a02-090.png	
-0.41	20.12	1.24	6.26	15	a02-093.png	
-0.02	19.0	2.16	8.96	15	a02-098.png	
-0.27	12.5	3.44	11.1	15	a02-102.png	
-0.46	11.3	4.34	9.87	15	a02-106.png	
0.07	13.0	1.62	9.49	15	a02-111.png	
-0.21	18.12	0.88	8.55	180	a02-116.png	
0.52	17.36	1.15	9.68	45	a02-120.png	
-0.11	13.0	2.54	8.88	15	a02-124.png	
-0.1	18.67	4.66	5.92	45	a03-006.png	
0.02	19.75	1.67	6.72	45	a03-009.png	
0.29	15.44	1.04	10.06	180	a03-011.png	
0.37	21.78	0.6	5.33	30	a03-014.png	
0.3	14.89	1.88	10.48	30	a03-017.png	
-0.03	27.82	2.12	2.94	30	a03-020.png	
-0.05	12.45	0.96	11.49	15	a03-023.png	
-0.06	13.0	0.0	12.48	180	a03-027.png	
0.24	12.7	3.07	12.22	-30	a03-030.png	
0.08	18.25	1.32	6.92	180	a03-034.png	
0.58	14.75	2.17	11.09	-15	a03-037.png	
-0.39	20.86	1.77	5.23	30	a03-040.png	
0.16	21.44	1.54	8.28	180	a03-043.png	
-0.28	13.7	1.9	8.26	15	a03-047.png	
-0.2	13.0	4.38	11.94	-15	a03-050.png	
0.05	24.27	2.55	7.58	-15	a03-054.png	
0.01	22.55	0.27	6.07	-5	a03-059.png	
0.26	11.0	8.82	15.82	45	a03-063.png	
0.49	14.88	1.81	10.15	-15	a03-066.png	
-0.25	11.56	4.07	11.72	-15	a03-071.png	
-0.31	13.09	2.83	9.07	-15	a03-073.png	
-0.12	12.22	4.26	8.93	0	a03-080.png	
0.56	15.33	2.54	8.0	-30	a03-089.png	
0.51	21.0	1.86	8.12	-5	a04-000.png	
0.67	20.38	1.82	8.31	-5	a04-003.png	
0.27	24.2	1.45	3.83	-5	a04-006.png	
0.83	22.78	1.27	4.1	-15	a04-010.png	
0.36	20.5	3.51	6.91	15	a04-015.png	
0.37	21.12	3.12	7.3	15	a04-019.png	
-0.22	24.43	2.66	4.95	15	a04-023.png	
0.22	21.33	3.98	5.11	15	a04-027.png	
0.33	11.4	5.09	15.51	15	a04-031.png	
0.36	12.5	4.24	12.65	15	a04-035.png	
0.08	11.9	4.62	14.49	15	a04-039.png	
0.2	10.5	2.57	16.19	15	a04-043.png	
0.31	20.25	1.88	6.98	15	a04-047.png	
1.08	19.71	1.42	9.61	15	a04-050.png	
-0.02	17.86	1.34	10.92	15	a04-054.png	
0.12	18.29	0.93	9.43	15	a04-059.png	
-0.43	6.75	1.33	27.59	15	a04-066.png	
0.86	7.0	4.86	21.8	0	a04-069.png	
0.09	6.55	4.43	26.51	0	a04-072.png	
0.43	14.1	5.18	12.75	180	a04-081.png	
0.62	15.44	3.37	11.37	180	a04-085.png	
0.25	14.8	5.61	12.28	180	a04-089.png	
0.52	13.73	1.75	10.42	0	a04-092.png	
-0.28	13.67	1.24	9.85	0	a04-096.png	
0.07	13.64	0.37	9.51	0	a04-099.png	
-0.01	13.89	1.22	9.88	0	a04-103.png	
-0.31	13.75	4.87	10.67	-15	a05-000.png	
0.02	10.6	3.11	10.15	0	a05-004.png	
0.35	11.5	3.83	14.99	-5	a05-009.png	
0.0	13.43	5.21	8.97	-15	a05-013.png	
-0.01	11.0	4.36	10.95	-15	a05-017.png	
-0.47	10.43	5.47	10.3	-15	a05-022.png	
-0.35	12.3	3.5	7.38	-15	a05-025.png	
-0.57	11.0	4.45	10.06	180	a05-029.png	
0.33	11.55	4.42	9.13	-15	a05-039.png	
0.09	12.09	4.3	12.26	-15	a05-044.png	
0.03	11.27	4.44	11.41	-15	a05-048.png	
-0.0	10.64	3.38	10.35	-15	a05-053.png	
-0.24	11.29	5.49	10.0	-15	a05-058.png	
-0.32	11.33	5.12	10.37	-15	a05-062.png	
0.22	11.67	4.54	10.25	-15	a05-069.png	
0.27	12.2	2.46	8.97	-15	a05-073.png	
0.01	11.44	4.28	11.59	-15	a05-080.png	
0.01	11.4	4.39	11.82	-15	a05-084.png	
0.14	11.82	3.05	8.69	-30	a05-089.png	
-0.25	11.0	3.18	9.27	-30	a05-094.png	
-0.23	10.44	4.79	10.82	-15	a05-099.png	
0.05	11.0	4.18	10.85	-30	a05-104.png	
-0.6	10.14	7.1	11.38	-15	a05-108.png	
-0.04	9.75	5.03	10.86	-15	a05-113.png	
-0.1	11.6	5.34	8.68	-15	a05-116.png	
0.24	11.2	4.02	13.03	-15	a05-121.png	
-0.36	12.14	4.86	9.85	-15	a05-125.png	
0.72	15.38	0.85	10.34	15	a06-000.png	
0.24	14.25	0.56	10.6	30	a06-004.png	
0.4	15.5	2.06	9.81	-5	a06-008.png	
-0.27	21.3	0.66	5.97	15	a06-014.png	
-0.02	12.5	4.48	12.75	-15	a06-020.png	
0.17	14.75	2.78	5.86	30	a06-025.png	
-0.37	26.88	0.6	4.29	45	a06-036.png	
0.28	10.5	3.81	15.17	45	a06-039.png	
-0.06	24.33	1.23	3.9	45	a06-044.png	
0.44	26.0	0.62	6.28	15	a06-051.png	
0.3	17.17	1.81	9.5	180	a06-057.png	
0.32	11.9	1.85	10.99	30	a06-064.png	
0.34	13.78	2.32	13.59	0	a06-070.png	
-0.62	24.11	0.66	6.48	30	a06-075.png	
0.38	19.0	1.74	5.02	180	a06-090.png	
0.27	21.6	0.51	5.05	30	a06-095.png	
0.23	16.5	1.52	8.25	30	a06-100.png	
0.11	23.12	1.9	5.81	30	a06-110.png	
0.52	15.56	3.02	9.92	0	a06-114.png	
0.17	18.33	2.35	6.69	0	a06-119.png	
0.89	9.0	5.56	18.17	180	a06-124.png	
0.47	16.6	1.63	7.89	5	a06-128.png	
0.57	7.75	10.06	21.24	180	a06-134.png	
0.37	8.33	11.64	15.63	180	a06-141.png	
0.24	8.0	11.62	19.1	180	a06-147.png	
0.53	16.4	1.4	9.57	45	a06-152.png	
0.43	8.75	6.97	14.37	180	a06-157.png	
0.11	8.29	8.81	24.52	15	b01-000.png	
0.15	9.71	7.83	18.38	30	b01-004.png	
-0.02	8.57	8.98	19.27	15	b01-009.png	
-0.03	17.62	2.27	8.36	15	b01-014.png	
0.3	17.5	2.0	9.71	15	b01-018.png	
0.25	21.33	1.55	8.3	15	b01-023.png	
-0.02	16.67	2.82	9.89	30	b01-027.png	
0.5	17.2	3.9	7.22	30	b01-033.png	
-0.17	16.0	1.0	9.46	30	b01-038.png	
0.3	6.5	8.62	28.18	15	b01-044.png	
-0.09	4.5	12.22	36.96	15	b01-049.png	
0.03	9.57	5.75	21.72	180	b01-053.png	
-0.14	24.55	3.01	5.78	15	b01-057.png	
-0.44	24.9	1.0	7.24	15	b01-062.png	
-0.13	10.36	4.15	16.22	0	b01-073.png	
-0.02	9.91	7.16	15.43	0	b01-079.png	
0.3	18.62	1.77	4.05	180	b01-084.png	
0.16	17.8	0.84	5.33	5	b01-089.png	
-0.12	18.78	1.65	6.43	15	b01-094.png	
-0.19	24.0	1.88	6.96	45	b01-113.png	
0.17	25.88	1.62	5.43	45	b01-118.png	
0.04	26.0	1.5	6.03	45	b01-122.png	
-0.03	17.56	2.16	9.11	180	b01-127.png	
0.4	17.44	2.12	10.3	180	b01-132.png	
-0.11	17.75	2.48	10.2	180	b01-136.png	
-0.19	12.9	4.88	11.67	45	b02-013.png	
-0.39	14.64	1.57	8.6	45	b02-035.png	
0.19	19.44	1.29	7.36	15	b02-045.png	
0.52	14.75	2.64	8.58	180	b02-097.png	
0.2	9.0	4.11	15.83	30	b02-102.png	
0.3	7.17	2.65	25.87	45	b02-105.png	
0.11	15.71	3.06	6.93	-15	b03-025.png	
0.11	15.17	3.16	12.55	0	b03-087.png	
0.31	14.5	3.31	10.05	180	b03-092.png	
0.37	11.89	4.29	14.62	180	b03-098.png	
0.37	14.4	2.57	6.43	30	b03-104.png	
-0.06	22.33	1.03	7.92	15	b03-109.png	
0.52	13.67	4.1	8.45	5	b03-114.png	
0.7	13.14	2.28	15.35	-15	b04-000.png	
0.1	10.73	4.57	17.57	-15	b04-004.png	
0.42	12.89	3.88	12.45	-15	b04-010.png	
0.03	10.89	4.32	14.0	-15	b04-020.png	
0.53	22.86	1.18	5.96	180	b04-026.png	
-0.02	22.2	2.84	6.61	5	b04-034.png	
0.65	21.83	2.15	7.92	5	b04-040.png	
0.29	20.8	3.12	7.38	5	b04-047.png	
0.52	12.29	3.74	15.26	180	b04-054.png	
0.32	14.86	2.22	12.21	0	b04-060.png	
0.07	11.86	3.96	12.21	180	b04-066.png	
0.13	11.0	5.45	17.17	0	b04-075.png	
0.0	12.67	2.21	9.48	0	b04-081.png	
-1.55	14.25	1.61	8.14	0	b04-089.png	
-1.1	16.0	1.88	8.39	180	b04-096.png	
0.0	10.71	2.8	10.73	0	b04-103.png	
0.4	18.22	1.43	6.21	180	b04-107.png	
0.2	16.0	1.69	7.32	180	b04-116.png	
0.09	15.71	2.93	10.44	180	b04-121.png	
0.27	15.33	2.94	5.62	180	b04-128.png	
0.48	18.89	1.11	7.04	180	b04-134.png	
0.16	17.56	1.71	5.24	180	b04-140.png	
0.38	16.12	2.05	6.58	180	b04-147.png	
-0.07	16.75	1.67	5.81	180	b04-154.png	
0.04	16.38	2.56	9.79	180	b04-162.png	
0.42	14.0	4.29	11.13	180	b04-169.png	
-0.02	14.67	2.79	8.93	180	b04-175.png	
0.25	14.29	4.13	9.03	180	b04-181.png	
0.67	16.25	2.34	11.7	180	b04-187.png	
0.34	17.14	1.75	9.97	180	b04-195.png	
0.21	16.86	1.72	10.57	0	b04-202.png	
0.0	17.5	1.54	7.69	0	b04-208.png	
0.18	17.4	3.85	9.31	30	b05-017.png	
0.29	21.9	2.88	6.71	15	b05-032.png	
0.6	19.11	1.83	9.01	0	b05-038.png	
0.48	23.1	2.77	4.28	0	b05-042.png	
0.63	21.2	1.51	7.24	0	b05-045.png	
0.33	20.5	2.29	7.5	0	b05-050.png	
0.19	10.6	5.85	12.89	45	b05-055.png	
0.42	11.4	4.3	10.63	45	b05-058.png	
0.23	13.4	4.93	11.31	45	b05-062.png	
0.25	11.67	4.03	12.55	45	b05-067.png	
0.14	10.4	6.25	13.67	30	b05-071.png	
-0.04	11.82	1.27	11.21	-15	b05-074.png	
-0.09	15.3	2.03	9.77	0	b05-079.png	
-1.34	15.56	2.19	7.63	180	b05-083.png	
0.16	24.5	1.1	6.06	30	b05-088.png	
0.03	23.4	1.5	5.95	180	b05-098.png	
0.03	13.88	3.53	12.76	45	b06-000.png	
0.06	13.88	2.95	7.2	0	b06-004.png	
-0.1	21.6	0.32	6.41	5	b06-008.png	
-0.04	18.0	3.28	8.73	180	b06-012.png	
0.08	15.27	2.75	9.74	-5	b06-015.png	
0.01	26.33	1.25	5.43	-5	b06-019.png	
0.33	14.62	3.01	9.76	30	b06-023.png	
-1.01	30.3	1.95	3.15	180	b06-027.png	
-0.18	19.14	2.4	7.28	45	b06-032.png	
-0.6	19.29	1.81	7.04	180	b06-036.png	
0.12	13.55	2.29	10.53	15	b06-042.png	
-0.32	20.25	1.38	9.93	30	b06-045.png	
0.19	13.9	5.61	5.74	0	b06-049.png	
-0.11	13.18	3.11	12.42	180	b06-053.png	
-0.36	23.27	0.34	6.25	15	b06-056.png	
0.38	14.7	1.43	9.95	45	b06-059.png	
0.23	16.3	2.52	6.91	180	b06-064.png	
0.26	14.0	2.14	11.38	15	b06-068.png	
0.16	24.1	2.9	5.64	-5	b06-071.png	
-0.12	13.09	2.67	7.22	180	b06-075.png	
0.56	16.7	0.72	8.15	45	b06-079.png	
-0.39	21.9	0.82	7.63	30	b06-082.png	
0.18	11.33	4.5	13.35	30	b06-087.png	
0.03	10.57	6.24	13.68	30	b06-090.png	
-0.11	20.18	0.4	7.04	5	b06-093.png	
0.22	13.25	3.4	14.84	30	b06-097.png	
0.27	17.7	4.92	6.98	15	b06-100.png	
-0.13	19.86	1.81	7.24	180	b06-110.png	
0.0	19.2	3.39	6.25	0	c01-009.png	
-0.61	19.9	2.41	5.18	5	c01-014.png	
-0.03	15.5	2.45	10.06	45	c01-066.png	
0.12	19.1	1.62	6.83	0	c02-000.png	
-0.37	7.78	6.56	19.97	180	c02-003.png	
-0.29	9.33	4.07	17.47	0	c02-007.png	
0.1	14.2	5.92	9.74	0	c02-012.png	
0.54	8.1	9.75	18.38	0	c02-017.png	
-0.08	14.25	4.21	11.52	180	c02-022.png	
0.52	5.83	6.52	33.81	-5	c02-026.png	
0.46	20.22	1.29	7.85	30	c02-030.png	
-0.18	12.0	4.83	10.21	15	c02-035.png	
0.11	23.9	1.21	3.8	15	c02-049.png	
-0.02	17.56	1.14	7.88	30	c02-056.png	
0.66	13.7	7.59	9.94	0	c02-059.png	
0.27	15.7	2.04	10.15	30	c02-078.png	
0.04	16.2	2.84	8.25	-15	c02-082.png	
0.44	11.14	5.03	15.03	-30	c02-089.png	
0.02	18.0	1.56	5.38	-5	c03-000a.png	
0.14	25.0	1.4	6.02	30	c03-000b.png	
0.25	18.29	1.31	3.26	15	c03-000c.png	
0.06	16.12	1.67	10.23	30	c03-000d.png	
-0.11	18.5	0.86	3.85	30	c03-000e.png	
0.08	16.5	3.82	7.48	-15	c03-000f.png	
-0.02	16.22	1.79	10.05	-5	c03-003a.png	
0.1	22.12	1.67	7.48	30	c03-003b.png	
-0.03	19.11	1.36	5.65	15	c03-003c.png	
0.11	16.22	2.16	9.29	30	c03-003d.png	
-0.03	17.56	1.2	4.33	30	c03-003e.png	
0.1	16.67	4.26	7.59	-30	c03-003f.png	
0.11	24.29	1.44	4.23	15	c03-007.png	
-0.15	15.75	2.03	9.89	0	c03-007a.png	
0.22	21.57	1.02	7.64	45	c03-007b.png	
0.29	19.62	0.92	2.4	15	c03-007c.png	
-0.02	18.33	1.8	10.15	30	c03-007d.png	
-0.25	19.38	0.67	4.89	30	c03-007e.png	
0.0	15.88	4.28	10.42	-30	c03-007f.png	
0.08	16.1	1.86	8.27	-5	c03-016a.png	
0.23	21.3	3.71	7.08	30	c03-016b.png	
0.2	14.8	5.07	6.83	15	c03-016c.png	
0.32	15.9	1.19	8.74	45	c03-016d.png	
0.18	17.55	0.74	6.66	30	c03-016e.png	
-0.09	14.6	2.4	8.19	0	c03-021a.png	
0.04	19.12	3.71	7.85	30	c03-021b.png	
-0.07	18.0	0.61	5.89	15	c03-021c.png	
-0.26	15.6	0.71	9.17	30	c03-021d.png	
-0.08	16.6	0.66	4.55	30	c03-021e.png	
-0.03	15.22	3.68	8.8	-30	c03-021f.png	
0.21	14.4	2.01	10.81	0	c03-081a.png	
0.05	22.3	0.27	7.45	45	c03-081b.png	
-0.22	15.89	0.69	3.06	15	c03-081c.png	
-0.01	18.3	0.77	6.99	30	c03-081d.png	
0.47	18.0	0.94	4.91	30	c03-081e.png	
0.02	16.8	3.63	6.61	-30	c03-081f.png	
-0.04	13.5	2.52	11.03	0	c03-084a.png	
-0.07	21.25	1.08	7.72	45	c03-084b.png	
-0.13	16.86	1.72	2.95	15	c03-084c.png	
-0.11	19.25	1.77	6.47	30	c03-084d.png	
0.05	18.75	1.44	4.66	30	c03-084e.png	
0.13	16.78	4.23	10.03	-15	c03-084f.png	
-0.22	14.88	2.15	9.69	0	c03-087a.png	
0.09	22.62	1.55	5.8	45	c03-087b.png	
0.39	14.75	1.83	3.62	15	c03-087c.png	
0.31	18.89	1.38	8.76	30	c03-087d.png	
0.04	17.11	1.52	6.73	30	c03-087e.png	
-0.06	16.22	4.44	8.56	-30	c03-087f.png	
-0.08	15.88	1.76	10.88	-5	c03-094a.png	
0.18	24.0	0.88	5.56	45	c03-094b.png	
0.38	15.56	1.48	5.44	15	c03-094c.png	
0.08	19.0	1.47	8.79	45	c03-094d.png	
0.0	18.0	1.44	5.61	30	c03-094e.png	
0.12	16.2	4.38	8.38	-30	c03-094f.png	
-0.03	14.88	1.95	9.58	-5	c03-096a.png	
-0.16	22.62	0.49	7.4	30	c03-096b.png	
0.15	15.86	3.15	4.43	15	c03-096c.png	
-0.12	16.22	3.08	11.68	30	c03-096d.png	
-0.15	19.0	2.05	4.62	30	c03-096e.png	
-0.15	16.56	1.27	10.38	-15	c03-096f.png	
0.31	9.0	6.78	17.22	0	c04-000.png	
-0.08	7.57	4.23	23.53	180	c04-004.png	
0.71	10.38	7.23	13.23	180	c04-008.png	
0.48	15.5	3.55	9.66	180	c04-013.png	
0.24	16.43	1.52	10.09	0	c04-017.png	
0.19	14.2	3.66	9.18	-5	c04-023.png	
0.48	16.12	0.99	10.89	-5	c04-028.png	
-0.49	14.75	1.63	12.11	-15	c04-035.png	
0.1	12.14	1.98	12.85	180	c04-039.png	
0.0	9.82	2.34	11.21	180	c04-044.png	
0.31	21.44	1.07	3.31	30	c04-050.png	
0.48	22.78	1.62	3.36	30	c04-056.png	
0.17	11.86	3.29	10.93	15	c04-061.png	
-0.07	12.12	2.81	10.44	15	c04-066.png	
0.38	13.29	4.82	8.21	0	c04-075.png	
-0.04	20.57	1.85	6.33	180	c04-080.png	
0.01	15.57	2.18	9.15	180	c04-089.png	
-0.06	18.17	2.15	8.54	180	c04-098.png	
0.44	19.14	1.62	5.51	30	c04-105.png	
0.22	12.0	5.08	15.06	180	c04-110.png	
0.23	9.75	6.67	18.13	180	c04-116.png	
0.71	14.88	3.76	8.53	180	c04-122.png	
0.39	24.25	0.99	5.52	180	c04-128.png	
-0.03	7.2	4.44	21.5	15	c04-134.png	
0.37	7.14	2.52	19.59	15	c04-139.png	
0.05	16.88	0.89	2.9	-15	c04-144.png	
0.03	17.0	1.06	2.77	-5	c04-150.png	
-0.11	18.5	2.11	9.75	5	c04-156.png	
-0.05	19.9	0.5	8.19	15	c04-160.png	
-0.22	12.78	3.76	12.27	0	c04-165.png	
0.27	11.6	2.93	17.16	180	c04-170.png	
-0.21	17.67	1.64	7.09	45	c06-000.png	
0.11	17.56	0.46	8.26	5	c06-005.png	
-0.07	21.0	2.14	6.5	30	c06-011.png	
-0.15	27.6	1.88	2.5	180	c06-014.png	
-0.13	21.5	1.26	8.38	5	c06-020.png	
-0.11	17.0	1.29	6.39	180	c06-027.png	
0.07	15.57	1.99	8.8	45	c06-031.png	
0.12	13.38	2.02	14.3	30	c06-039.png	
1.35	16.6	2.41	8.75	45	c06-043.png	
0.14	17.38	0.86	8.21	30	c06-047.png	
0.05	17.29	1.21	9.9	180	c06-052.png	
0.54	10.86	4.6	15.11	15	c06-058.png	
0.23	20.8	3.37	4.97	-5	c06-076.png	
0.6	17.0	4.59	6.1	15	c06-080.png	
0.1	16.0	4.12	5.25	15	c06-083.png	
-0.15	17.71	4.86	9.45	180	c06-087.png	
-0.08	17.83	1.91	7.24	30	c06-091.png	
0.14	12.57	4.06	13.23	15	c06-095.png	
0.07	12.12	7.76	12.94	30	c06-100.png	
0.0	29.3	1.57	4.45	0	c06-103.png	
0.01	13.82	1.59	11.35	-5	c06-106.png	
-0.17	10.86	3.59	8.64	180	c06-111.png	
-0.16	23.29	3.65	5.74	-15	d01-080.png	
0.1	23.0	3.91	6.19	-15	d01-085.png	
-0.28	12.71	1.97	10.08	180	d01-098.png	
0.15	13.0	0.54	12.66	180	d01-104.png	
0.2	27.0	1.19	3.87	15	d01-118.png	
-0.03	19.0	0.84	5.6	15	d01-123.png	
-0.14	6.43	9.02	27.1	45	d03-112.png	
0.29	9.38	3.3	17.83	30	d03-117.png	
0.44	7.0	5.0	19.84	-15	d04-005.png	
-0.33	2.0	26.5	70.25	-15	d04-008.png	
-0.15	5.62	3.91	29.81	0	d04-012.png	
0.06	7.38	5.56	22.94	-5	d04-016.png	
0.09	10.83	3.42	13.53	180	d04-021.png	
0.02	11.43	4.99	12.66	0	d04-028.png	
0.05	16.27	0.0	9.59	0	d04-032.png	
0.23	14.29	2.59	13.77	15	d04-037.png	
0.5	13.88	1.87	12.55	180	d04-047.png	
0.17	11.83	3.21	11.55	180	d04-050.png	
0.17	13.7	0.51	10.35	0	d04-053.png	
0.24	5.67	4.06	27.54	0	d04-058.png	
-0.05	2.5	18.8	57.28	0	d04-062.png	
0.45	21.4	0.98	6.15	5	d04-066.png	
0.07	15.86	1.77	12.09	0	d04-071.png	
0.14	13.6	0.44	9.72	0	d04-075.png	
0.06	18.67	2.52	10.72	180	d04-081.png	
-0.09	13.5	1.7	5.91	180	d04-086.png	
0.27	12.86	1.87	7.99	0	d04-089.png	
0.7	12.14	3.62	12.96	-15	d04-096.png	
-0.13	10.33	3.29	19.2	-15	d04-101.png	
-0.17	19.08	2.04	3.84	180	d04-111.png	
0.18	9.43	2.97	12.09	180	d04-117.png	
-0.18	9.17	3.16	14.32	180	d04-121.png	
0.3	18.0	2.17	6.81	-15	d04-125.png	
-0.27	17.29	2.37	9.49	-15	d04-131.png	
0.37	16.62	1.99	10.51	15	d05-008.png	
0.0	12.0	6.0	12.97	0	d05-013.png	
0.32	18.56	1.08	6.58	15	d05-021.png	
0.02	18.67	1.45	7.59	15	d05-025.png	
0.77	17.56	1.65	7.98	30	d05-030.png	
0.21	12.33	3.33	11.1	15	d05-040.png	
0.11	13.7	3.21	10.48	0	d06-000.png	
0.24	19.17	1.2	7.44	30	d06-003.png	
0.03	21.0	1.76	7.08	30	d06-008.png	
0.36	22.1	2.35	6.08	30	d06-011.png	
0.56	16.8	2.14	6.44	15	d06-015.png	
0.12	21.3	1.97	6.3	30	d06-020.png	
0.05	24.25	1.53	6.15	30	d06-025.png	
0.4	14.71	2.79	5.66	30	d06-027.png	
0.21	13.8	2.75	7.9	15	d06-030.png	
0.06	24.0	1.75	4.94	-15	d06-037.png	
-0.01	21.25	1.6	7.99	45	d06-041.png	
0.03	21.6	1.99	4.94	30	d06-046.png	
-0.49	15.0	1.47	7.6	15	d06-050.png	
0.47	12.89	2.09	7.54	30	d06-056.png	
-0.35	25.11	1.23	4.54	45	d06-060.png	
-0.03	22.1	1.9	4.94	30	d06-063.png	
0.16	22.3	0.9	4.85	30	d06-067.png	
0.31	25.6	2.73	4.59	-15	d06-072.png	
-0.16	16.17	2.6	11.99	15	d06-076.png	
0.28	14.6	3.08	9.99	15	d06-082.png	
-0.09	25.9	1.31	4.17	45	d06-086.png	
0.03	13.18	3.03	9.51	180	d06-091.png	
-0.17	15.22	1.18	7.53	30	d06-096.png	
0.17	25.71	1.48	4.96	-30	d06-100.png	
0.66	23.9	0.84	6.45	30	d06-104.png	
0.35	23.36	0.64	6.33	45	d06-107.png	
0.34	19.33	1.19	7.22	15	d06-111.png	
-0.45	23.75	1.31	6.17	45	d06-113.png	
0.41	19.62	1.83	7.12	180	d07-082.png	
-0.43	19.62	2.7	8.35	0	d07-085.png	
0.0	19.73	0.81	7.16	5	d07-089.png	
0.14	17.11	2.28	9.9	0	d07-093.png	
-0.53	17.5	1.14	8.69	0	d07-096.png	
0.01	17.22	2.26	9.52	0	d07-100.png	
-0.06	19.0	2.16	7.96	5	d07-102.png	
-0.12	7.56	5.29	23.78	0	e01-018.png	
-0.08	21.43	2.19	8.14	30	e01-022.png	
0.88	28.18	1.14	6.32	15	e01-025.png	
0.02	10.89	3.58	14.24	180	e01-029.png	
0.05	11.09	3.25	12.89	180	e01-032.png	
-0.13	8.75	6.86	20.07	180	e01-035.png	
-0.35	12.86	4.28	12.61	15	e01-050.png	
0.1	27.8	0.83	2.08	15	e01-055.png	
0.36	12.29	6.02	12.31	0	e01-059.png	
0.01	12.0	4.58	12.39	0	e01-062.png	
0.21	12.67	3.08	11.72	180	e01-081.png	
-0.2	13.29	3.46	12.56	0	e01-086.png	
0.3	15.62	2.94	9.97	180	e01-092.png	
-0.09	16.0	2.44	10.29	180	e01-102.png	
-0.53	15.1	1.06	10.25	15	e01-107.png	
-0.33	17.0	2.94	11.61	15	e01-113.png	
0.08	18.62	5.8	8.6	180	e01-119.png	
-0.11	12.62	3.33	13.84	15	e02-000.png	
0.21	5.5	10.36	22.18	0	e02-014.png	
0.21	19.29	2.7	4.21	180	e02-018.png	
1.49	5.5	7.09	15.74	30	e02-021.png	
0.29	13.6	4.04	14.11	-5	e02-025.png	
0.38	6.11	4.09	24.95	180	e02-074.png	
-0.01	16.11	1.8	9.05	180	e02-082.png	
0.15	13.22	2.12	12.83	15	e02-086.png	
0.25	19.38	2.17	7.31	30	e02-091.png	
0.21	15.5	4.32	7.26	15	e02-094.png	
0.21	12.67	0.24	13.26	30	e02-100.png	
0.1	14.44	2.77	11.17	180	e02-117.png	
-0.3	6.88	8.58	28.31	180	e04-000.png	
-0.12	20.86	1.68	6.91	0	e04-004.png	
-0.01	19.25	2.75	5.14	180	e04-008.png	
0.5	19.12	2.46	5.74	0	e04-011.png	
0.5	16.5	4.12	7.64	0	e04-015.png	
0.25	15.75	4.19	8.29	180	e04-019.png	
-0.23	16.57	3.56	7.95	0	e04-022.png	
-0.61	17.0	3.82	6.93	15	e04-026.png	
-0.42	16.57	2.41	8.48	15	e04-030.png	
-0.1	11.5	3.39	14.47	30	e04-034.png	
0.07	11.83	4.99	16.31	30	e04-038.png	
-0.13	20.29	1.38	6.36	45	e04-043.png	
0.29	20.0	1.95	4.46	30	e04-052.png	
-0.53	15.0	2.73	10.41	0	e04-058.png	
0.03	15.88	3.53	3.51	-15	e04-062.png	
-0.02	15.14	3.9	8.45	-15	e04-068.png	
0.16	18.56	2.26	9.43	180	e04-079.png	
-0.34	10.71	5.04	19.51	30	e04-083.png	
0.02	15.17	3.63	8.97	0	e04-086.png	
0.24	14.33	4.4	10.51	0	e04-091.png	
0.09	14.57	3.84	8.5	0	e04-095.png	
0.09	15.0	4.27	8.95	180	e04-099.png	
-0.19	17.71	3.5	7.34	0	e04-103.png	
-0.23	16.57	3.74	10.81	5	e04-109.png	
1.04	16.38	2.81	10.23	15	e04-114.png	
-0.19	18.2	3.35	6.84	30	e04-119.png	
0.09	14.67	3.0	10.25	15	e04-124.png	
-0.17	16.14	2.91	11.09	30	e04-127.png	
0.22	13.75	5.89	11.11	180	e04-132.png	
0.06	12.88	4.81	11.68	45	e06-000.png	
0.26	26.18	0.61	5.15	45	e06-003.png	
0.41	15.0	3.67	8.69	-5	e06-006.png	
0.1	18.5	1.35	10.12	15	e06-010.png	
0.09	25.2	2.14	5.88	45	e06-015.png	
0.16	15.45	4.79	6.64	30	e06-021.png	
0.48	25.5	2.12	6.6	30	e06-026.png	
-0.29	25.64	1.17	5.11	45	e06-030.png	
-0.08	26.2	0.65	4.72	-15	e06-033.png	
0.18	13.73	3.35	10.61	0	e06-037.png	
0.13	13.9	3.88	11.35	0	e06-041.png	
0.51	19.83	2.87	8.58	15	e06-046.png	
0.06	23.2	1.68	5.73	30	e06-049.png	
-0.45	26.11	1.26	5.92	45	e06-053.png	
0.31	25.6	1.6	3.82	-30	e06-070.png	
-0.22	13.4	2.09	12.46	180	e07-003.png	
-0.36	18.25	0.88	8.48	15	e07-007.png	
-0.05	13.82	2.82	11.62	30	e07-012.png	
-0.2	12.91	2.09	12.13	30	e07-061.png	
-0.26	12.33	4.79	13.55	30	e07-066.png	
-0.35	13.18	1.52	12.11	30	e07-072.png	
-0.17	17.6	2.61	10.04	45	e07-076.png	
-0.15	18.0	1.5	10.47	45	e07-079.png	
-0.41	19.0	1.42	8.19	45	e07-083.png	
-0.23	16.7	2.63	11.54	45	e07-086.png	
-0.3	17.8	2.53	10.85	45	e07-090.png	
0.17	12.75	3.45	13.86	15	e07-094.png	
0.32	12.4	1.94	15.15	15	e07-098.png	
-0.28	13.6	2.21	11.26	15	e07-101.png	
-0.16	12.0	5.67	13.92	15	e07-105.png	
-0.3	12.9	2.17	11.53	15	e07-108.png	
-0.21	22.67	3.22	6.55	30	e07-112.png	
-0.21	11.75	4.09	12.82	5	f01-053.png	
0.1	12.3	2.11	12.37	15	f01-058.png	
0.26	30.6	2.39	3.59	15	f01-066.png	
0.2	19.56	1.48	3.48	45	f01-070.png	
0.08	17.55	2.28	9.73	180	f01-075.png	
-0.49	20.57	1.02	9.95	30	f01-081.png	
0.0	17.38	0.69	13.67	30	f01-085.png	
-0.5	20.18	1.59	4.81	30	f01-135.png	
0.27	18.0	2.28	8.67	15	f01-139.png	
-0.11	16.86	1.9	7.71	180	f01-143.png	
0.32	18.5	2.27	7.24	180	f01-147.png	
0.01	10.0	4.0	16.57	45	f02-000.png	
0.24	4.6	14.13	30.62	180	f02-003.png	
0.32	20.0	1.4	7.1	30	f02-017.png	
0.48	9.86	4.26	13.07	30	f02-020.png	
0.26	12.29	3.5	12.16	180	f02-030.png	
0.77	22.5	1.29	5.26	30	f02-033.png	
-0.25	9.11	2.09	17.1	15	f02-036.png	
0.58	4.0	7.5	45.22	45	f02-038.png	
0.06	1.0	51.0	125.67	15	f02-040.png	
0.0	1.0	31.0	128.6	0	f02-044.png	
0.1	13.3	2.11	7.99	180	f02-076.png	
0.34	20.57	2.33	7.56	15	f03-169.png	
-0.14	13.0	3.46	9.92	30	f03-174.png	
0.16	2.0	21.5	68.62	30	f03-182.png	
-0.07	10.0	6.6	13.99	0	f03-191.png	
-0.14	30.0	0.9	4.87	15	f04-004.png	
-0.36	13.71	3.79	5.98	15	f04-007.png	
0.13	27.91	0.0	4.77	15	f04-011.png	
0.36	25.62	0.9	5.45	15	f04-016.png	
0.07	23.83	1.43	6.29	180	f04-020.png	
0.65	6.43	10.11	28.71	180	f04-024.png	
1.34	8.25	10.3	14.12	180	f04-028.png	
-0.24	10.88	4.32	12.3	180	f04-032.png	
-0.33	8.0	15.25	12.7	180	f04-035.png	
0.47	12.0	8.67	10.28	180	f04-039.png	
0.8	14.0	6.36	8.89	-5	f04-043.png	
0.23	16.33	4.47	8.43	180	f04-046.png	
0.32	16.14	3.35	9.47	180	f04-049.png	
0.44	15.0	2.2	11.48	0	f04-053.png	
0.14	17.22	0.52	8.87	0	f04-057.png	
-0.09	15.88	2.77	9.12	15	f04-061.png	
0.02	17.38	2.53	7.54	15	f04-064.png	
-0.01	10.0	4.9	12.96	180	f04-068.png	
0.56	12.7	3.54	7.45	180	f04-071.png	
0.02	25.58	0.0	4.25	180	f04-074.png	
0.06	23.7	0.17	4.69	0	f04-079.png	
0.51	12.3	2.03	13.47	-15	f04-083.png	
0.09	12.75	5.18	10.39	-15	f04-087.png	
-0.05	18.2	2.97	10.37	180	f04-093.png	
0.47	17.45	2.01	10.86	180	f04-096.png	
0.19	18.55	1.83	9.03	180	f04-100.png	
-0.3	10.62	3.48	11.55	-15	f07-000.png	
-0.26	23.0	2.3	5.3	30	f07-000b.png	
0.3	21.5	1.91	6.6	30	f07-002.png	
-0.23	21.25	2.45	3.36	30	f07-006.png	
0.6	21.9	0.96	4.19	30	f07-009.png	
-0.3	18.82	0.9	7.47	-5	f07-013.png	
-0.02	17.64	0.91	6.61	-5	f07-016.png	
-0.05	11.75	2.47	12.6	-30	f07-019a.png	
0.03	16.73	2.15	7.24	-5	f07-019b.png	
0.23	12.25	2.37	15.03	-30	f07-021a.png	
-0.37	17.6	1.93	6.48	-5	f07-021b.png	
-0.06	12.62	2.14	13.74	-30	f07-024a.png	
-0.07	15.27	2.16	9.48	-5	f07-024b.png	
-0.06	13.89	1.37	10.21	-30	f07-028a.png	
-0.29	19.42	1.34	4.8	0	f07-028b.png	
-0.22	13.1	1.3	11.74	-30	f07-032a.png	
0.58	22.09	0.72	2.69	0	f07-032b.png	
0.07	19.78	3.08	6.42	0	f07-036.png	
-0.35	11.86	1.26	10.82	-15	f07-039a.png	
-0.04	20.22	2.18	5.82	0	f07-039b.png	
-0.88	10.25	3.71	13.5	-15	f07-042a.png	
-0.23	18.88	3.12	6.81	0	f07-042b.png	
-0.13	11.1	0.63	8.64	-15	f07-046a.png	
-0.09	14.6	5.0	8.1	180	f07-069.png	
0.03	12.8	5.86	12.54	180	f07-073.png	
-0.23	14.55	3.23	5.99	-15	f07-076a.png	
-0.23	14.8	1.82	6.86	-15	f07-081a.png	
-0.15	12.57	3.74	13.09	180	f07-081b.png	
-0.01	17.18	3.96	2.94	-15	f07-084a.png	
0.1	13.0	7.31	13.02	180	f07-084b.png	
-0.18	14.88	2.08	6.16	-15	f07-088a.png	
-0.02	12.29	3.34	18.73	15	f07-088b.png	
-0.35	14.71	1.97	4.97	-15	f07-092a.png	
-0.11	14.0	2.29	11.42	15	f07-096.png	
-0.09	18.2	2.53	10.3	-15	f07-101a.png	
0.14	13.6	3.53	14.57	15	f07-101b.png	
-0.0	17.75	5.3	8.5	0	g01-000.png	
-0.18	18.0	2.61	10.17	0	g01-004.png	
-0.15	18.56	4.04	8.78	0	g01-008.png	
-0.11	27.83	1.22	3.42	5	g01-012.png	
0.12	26.62	1.31	2.55	15	g01-016.png	
0.91	30.8	1.07	1.53	15	g01-019.png	
0.23	17.0	2.53	8.69	15	g01-022.png	
0.32	14.0	2.5	11.99	180	g01-025.png	
0.34	14.0	4.86	10.29	0	g01-027.png	
0.14	11.36	0.44	14.48	30	g01-031.png	
0.06	12.33	3.16	12.17	30	g01-034.png	
-0.14	15.11	2.65	11.16	30	g01-037.png	
0.08	23.7	2.87	3.96	30	g01-039.png	
0.45	25.3	2.49	5.28	45	g01-043.png	
0.05	25.4	1.89	4.37	30	g01-045.png	
0.12	19.1	1.99	6.7	5	g01-067.png	
0.22	17.6	2.22	8.95	180	g01-070.png	
-0.07	19.4	2.11	6.33	0	g01-074.png	
0.02	23.6	1.4	3.08	15	g01-083.png	
0.04	22.9	1.66	7.25	0	g01-088.png	
0.0	17.12	2.45	10.22	180	g02-059.png	
0.33	17.0	5.0	6.78	5	g02-062.png	
0.04	18.6	3.92	7.39	-5	g02-065.png	
0.76	15.5	4.0	9.47	30	g02-073.png	
0.27	23.12	3.76	4.12	45	g03-000.png	
0.01	10.0	2.5	12.93	30	g03-032.png	
1.63	26.14	1.61	4.51	5	g03-040.png	
1.23	36.67	0.65	2.77	45	g03-043.png	
0.07	17.88	1.06	7.27	30	g03-049.png	
0.17	18.55	1.89	6.8	180	g03-052.png	
0.19	1.0	40.0	141.2	180	g03-058.png	
0.02	9.75	1.95	10.96	-15	g03-064.png	
0.35	12.11	3.47	13.49	30	g04-003.png	
-0.0	16.5	5.09	6.42	15	g04-007.png	
-0.05	15.62	5.06	7.08	5	g04-011.png	
-0.08	12.83	7.64	11.78	5	g04-014.png	
0.15	21.86	2.65	5.99	0	g04-017.png	
-0.49	23.29	0.82	5.09	0	g04-022.png	
-0.05	18.29	2.52	9.83	180	g04-026.png	
0.45	18.4	1.41	8.15	180	g04-032.png	
0.01	19.88	1.96	7.95	-5	g04-036.png	
-0.01	22.43	1.47	5.16	-5	g04-039.png	
0.14	10.0	2.2	10.95	180	g04-043.png	
0.02	11.14	3.59	12.39	-15	g04-048.png	
0.0	13.33	3.08	7.59	180	g04-052.png	
0.34	16.78	1.01	6.6	0	g04-055.png	
0.19	8.86	2.71	19.36	-5	g04-060.png	
-0.01	9.56	0.31	16.38	-5	g04-063.png	
-0.31	14.4	0.0	8.26	0	g04-068.png	
0.96	15.25	1.25	9.66	0	g04-072.png	
-0.02	10.33	1.94	9.84	180	g04-077.png	
0.0	7.4	5.68	19.54	0	g04-081.png	
-0.18	12.45	0.64	10.36	-30	g04-088.png	
-0.18	12.5	4.4	10.1	-30	g04-092.png	
0.06	14.88	4.91	9.35	15	g04-095.png	
0.05	20.43	1.91	6.54	0	g04-098.png	
0.06	17.43	1.84	10.63	180	g04-101.png	
0.6	16.78	3.93	9.95	0	g04-104.png	
0.66	12.33	6.41	15.79	180	g04-108.png	
0.15	22.83	1.66	6.42	0	g05-087.png	
0.23	11.3	2.04	11.58	-15	g05-094.png	
0.15	10.57	7.19	16.29	30	g05-098.png	
-0.15	16.9	1.12	7.6	30	g06-011a.png	
-0.92	22.55	0.58	5.48	180	g06-011b.png	
0.4	11.1	1.98	16.34	180	g06-011c.png	
0.15	18.88	1.48	6.95	0	g06-011e.png	
-0.01	15.75	1.71	9.94	15	g06-011g.png	
0.41	13.5	3.04	12.43	180	g06-011h.png	
-0.08	14.78	2.3	11.84	15	g06-011i.png	
0.21	20.09	0.8	5.44	30	g06-011j.png	
-0.1	17.2	4.59	8.03	-5	g06-011k.png	
0.27	9.5	3.68	16.75	15	g06-011l.png	
-0.0	18.3	1.15	9.81	30	g06-011m.png	
-0.02	18.18	0.66	7.76	45	g06-011n.png	
0.23	22.64	1.06	5.8	45	g06-011o.png	
0.21	13.0	1.38	12.62	180	g06-011p.png	
-0.03	14.67	2.66	10.03	-15	g06-011r.png	
0.03	14.75	2.78	8.64	30	g06-018a.png	
0.46	21.1	0.9	7.28	180	g06-018b.png	
-0.5	8.75	4.8	21.27	180	g06-018c.png	
0.52	17.14	2.28	8.88	15	g06-018d.png	
0.33	18.71	2.46	9.22	180	g06-018e.png	
0.14	9.4	4.68	19.7	-30	g06-018f.png	
0.08	16.83	1.78	9.89	15	g06-018g.png	
0.22	13.14	4.34	10.22	180	g06-018h.png	
0.11	13.86	3.82	12.27	15	g06-018i.png	
0.32	20.5	1.51	5.74	30	g06-018j.png	
0.15	14.62	2.53	11.03	-5	g06-018k.png	
0.19	8.67	6.46	17.55	15	g06-018l.png	
-0.05	17.25	1.45	9.01	30	g06-018m.png	
-0.5	20.91	1.2	6.24	45	g06-018n.png	
0.69	19.6	2.45	7.19	45	g06-018o.png	
0.3	13.0	3.23	11.33	0	g06-018p.png	
-0.21	13.71	4.16	9.44	-15	g06-018r.png	
-0.15	13.5	4.44	10.48	30	g06-026a.png	
0.06	20.33	1.72	8.83	0	g06-026b.png	
0.5	11.67	4.37	13.85	180	g06-026c.png	
0.17	17.0	2.12	9.8	15	g06-026d.png	
0.27	18.8	3.3	8.85	0	g06-026e.png	
0.15	9.8	6.22	17.08	-15	g06-026f.png	
0.71	17.8	2.02	9.24	15	g06-026g.png	
0.47	13.83	5.28	11.47	180	g06-026h.png	
0.05	15.0	4.8	12.5	5	g06-026i.png	
0.2	20.71	2.66	5.42	30	g06-026j.png	
0.07	16.17	3.15	9.18	-5	g06-026k.png	
0.18	9.2	7.61	18.37	15	g06-026l.png	
0.2	20.57	0.73	8.54	30	g06-026m.png	
-0.03	18.88	2.54	6.62	45	g06-026n.png	
0.68	21.12	2.84	6.5	45	g06-026o.png	
0.04	10.83	5.45	16.9	0	g06-026p.png	
0.05	15.4	0.71	7.56	-15	g06-026r.png	
-0.04	17.5	2.17	7.72	30	g06-031a.png	
0.09	19.1	1.15	7.37	0	g06-031b.png	
-0.09	12.12	2.97	15.21	180	g06-031c.png	
0.08	17.0	1.76	10.22	15	g06-031d.png	
0.07	18.86	2.44	7.91	180	g06-031e.png	
0.27	9.33	3.97	17.67	-30	g06-031f.png	
0.52	18.29	2.13	9.33	15	g06-031g.png	
0.33	13.75	3.78	11.1	0	g06-031h.png	
0.02	15.57	3.53	8.26	5	g06-031i.png	
-0.06	21.56	1.21	5.06	30	g06-031j.png	
-0.03	18.62	1.77	8.81	-5	g06-031k.png	
0.05	9.29	5.06	18.11	15	g06-031l.png	
0.23	20.62	0.48	7.83	30	g06-031m.png	
-0.03	18.09	1.6	7.56	45	g06-031n.png	
0.55	20.73	2.22	8.75	45	g06-031o.png	
0.13	13.43	2.76	10.5	0	g06-031p.png	
-0.14	15.14	3.5	9.27	-15	g06-031r.png	
0.06	20.0	3.45	7.34	180	g06-037b.png	
0.4	15.8	2.28	10.27	15	g06-037d.png	
0.34	19.22	4.84	8.67	0	g06-037e.png	
0.08	10.43	2.4	12.14	-30	g06-037f.png	
0.55	16.33	1.84	11.15	15	g06-037g.png	
0.3	13.0	2.08	10.82	180	g06-037h.png	
-0.06	14.11	2.55	11.21	15	g06-037i.png	
0.01	21.7	0.74	5.47	30	g06-037j.png	
0.07	15.9	5.41	9.91	-5	g06-037k.png	
0.09	8.89	4.05	19.99	15	g06-037l.png	
-0.58	18.09	0.72	8.2	30	g06-037m.png	
-0.21	16.64	0.72	8.84	45	g06-037n.png	
0.32	21.82	1.19	5.89	45	g06-037o.png	
0.09	11.29	2.13	16.63	0	g06-037p.png	
-0.0	13.89	2.88	10.88	-15	g06-037r.png	
-0.1	13.5	4.3	9.12	30	g06-042a.png	
0.13	19.29	2.07	7.81	180	g06-042b.png	
0.36	11.5	4.96	15.54	180	g06-042c.png	
0.47	17.0	2.0	7.04	15	g06-042d.png	
0.69	19.2	3.44	9.86	0	g06-042e.png	
0.61	9.75	5.95	15.0	-15	g06-042f.png	
0.29	17.2	1.98	10.2	30	g06-042g.png	
-0.02	13.43	5.44	15.54	180	g06-042h.png	
0.14	14.4	4.03	10.9	15	g06-042i.png	
-0.04	21.29	2.54	7.43	30	g06-042j.png	
0.04	18.33	3.11	8.3	-5	g06-042k.png	
0.51	9.2	8.04	16.41	15	g06-042l.png	
0.17	16.71	1.86	12.18	30	g06-042m.png	
-0.55	19.29	2.49	7.07	45	g06-042n.png	
0.81	21.88	3.11	7.7	45	g06-042o.png	
0.63	15.8	3.73	10.52	180	g06-042p.png	
0.15	13.33	1.05	13.7	-15	g06-042r.png	
0.29	15.62	2.5	9.36	30	g06-045a.png	
-0.28	17.56	0.97	9.93	180	g06-045b.png	
0.22	11.14	3.59	13.9	180	g06-045c.png	
0.24	17.0	1.88	8.14	15	g06-045d.png	
0.18	20.0	2.25	7.45	180	g06-045e.png	
0.44	11.2	3.66	12.29	-30	g06-045f.png	
0.19	17.33	2.42	9.73	30	g06-045g.png	
0.48	13.88	3.96	13.78	180	g06-045h.png	
0.19	16.67	2.4	9.77	15	g06-045i.png	
0.21	18.38	2.01	6.2	30	g06-045j.png	
0.32	17.86	1.9	7.83	-5	g06-045k.png	
0.31	10.17	5.31	14.27	15	g06-045l.png	
0.16	17.44	1.38	12.28	30	g06-045m.png	
0.06	17.1	1.93	9.16	45	g06-045n.png	
0.17	19.11	2.15	6.56	45	g06-045o.png	
0.47	12.67	3.08	13.04	180	g06-045p.png	
0.13	14.0	4.21	9.15	-15	g06-045r.png	
-0.41	14.57	2.81	7.89	30	g06-047a.png	
0.8	18.38	1.8	7.73	180	g06-047b.png	
-0.01	10.0	4.1	17.81	180	g06-047c.png	
0.25	14.33	2.72	9.64	15	g06-047d.png	
0.35	19.33	2.28	7.25	180	g06-047e.png	
0.24	10.6	3.68	12.28	-15	g06-047f.png	
0.39	16.67	1.86	9.84	15	g06-047g.png	
0.25	13.71	4.01	12.61	180	g06-047h.png	
0.18	15.0	2.67	12.69	15	g06-047i.png	
0.06	18.22	1.76	8.4	30	g06-047j.png	
0.08	15.71	2.1	9.59	-5	g06-047k.png	
-0.25	10.43	5.75	16.76	15	g06-047l.png	
0.25	15.22	1.05	13.62	30	g06-047m.png	
-0.13	16.0	1.88	9.69	45	g06-047n.png	
0.18	20.22	2.52	6.37	45	g06-047o.png	
0.18	15.33	2.54	9.13	0	g06-047p.png	
-0.11	13.43	4.62	12.54	-15	g06-047r.png	
-0.11	12.5	3.04	10.67	30	g06-050a.png	
0.15	16.67	1.92	9.78	180	g06-050b.png	
-0.21	11.62	3.18	13.26	180	g06-050c.png	
0.14	14.5	2.9	10.89	15	g06-050d.png	
0.11	17.71	2.43	7.88	0	g06-050e.png	
0.35	15.5	2.58	9.55	-30	g06-050f.png	
-0.08	15.86	2.27	11.48	15	g06-050g.png	
0.23	12.5	4.4	15.02	180	g06-050h.png	
0.06	14.71	2.45	10.57	15	g06-050i.png	
-0.21	19.56	1.99	3.99	30	g06-050j.png	
0.13	16.67	1.8	6.95	-5	g06-050k.png	
0.28	10.88	4.87	14.58	15	g06-050l.png	
0.13	14.4	2.22	12.15	30	g06-050m.png	
-0.33	18.73	1.33	6.97	45	g06-050n.png	
0.14	19.7	2.44	6.22	45	g06-050o.png	
-0.02	15.14	2.18	9.94	0	g06-050p.png	
0.27	13.25	4.45	13.26	-15	g06-050r.png	
0.27	6.78	6.34	20.16	0	g06-089.png	
0.13	6.14	9.45	22.66	180	g06-093.png	
-0.06	5.86	12.8	24.43	180	g06-096.png	
0.09	6.0	13.17	22.97	180	g06-101.png	
0.03	6.43	11.98	25.48	180	g06-105.png	
0.12	6.2	9.84	26.87	180	g06-109.png	
0.3	5.5	17.82	36.91	180	g06-115.png	
-0.13	17.5	0.8	6.89	0	g07-000a.png	
-0.36	17.14	3.15	8.01	0	g07-003a.png	
0.03	11.67	0.86	12.75	45	g07-003b.png	
-0.06	21.0	1.29	4.68	-15	g07-007a.png	
0.01	12.86	3.42	11.16	45	g07-007b.png	
-0.02	11.0	0.64	12.76	45	g07-010b.png	
0.16	16.62	2.71	8.66	-15	g07-014.png	
-0.28	10.2	0.2	16.35	45	g07-014b.png	
-0.18	15.09	1.92	4.58	-15	g07-018a.png	
0.27	16.12	1.55	5.65	-15	g07-022a.png	
0.05	17.0	2.41	8.04	30	g07-022b.png	
-0.0	15.9	1.45	7.94	-15	g07-026a.png	
0.08	16.0	2.44	11.22	30	g07-026b.png	
0.39	15.71	3.31	8.11	-15	g07-028a.png	
0.16	16.86	3.32	9.85	30	g07-028b.png	
-0.38	16.33	2.63	9.95	30	g07-030.png	
0.5	15.29	3.92	11.78	30	g07-034.png	
-0.22	14.73	1.9	9.86	180	g07-038.png	
-0.22	16.6	2.59	10.93	0	g07-042.png	
-0.03	17.36	0.75	7.9	15	g07-044.png	
-0.19	17.45	0.52	6.97	15	g07-047.png	
-0.33	17.5	2.8	7.75	15	g07-050.png	
0.01	18.5	1.03	5.91	180	g07-065.png	
-0.54	17.11	1.99	8.17	180	g07-069a.png	
-0.09	17.91	0.28	6.08	0	g07-071a.png	
0.05	17.2	0.29	6.1	0	g07-074a.png	
-0.11	16.9	0.83	7.85	0	g07-077a.png	
-0.31	14.18	0.42	5.42	-15	g07-079a.png	
-0.12	14.29	2.17	6.31	45	g07-084.png	
0.29	22.1	3.03	4.52	30	h01-000.png	
-0.37	24.17	1.28	2.11	15	h01-004.png	
0.34	22.0	1.68	5.85	30	h01-007.png	
-0.1	16.12	0.87	9.69	5	h01-010.png	
0.1	20.12	0.65	5.52	5	h01-014.png	
0.07	14.83	1.15	7.71	15	h01-018.png	
0.23	19.56	3.99	7.62	15	h01-024.png	
0.41	22.36	0.94	5.55	15	h01-027.png	
-0.44	27.9	2.37	5.05	0	h01-030.png	
-0.06	12.89	3.1	10.88	15	h02-004.png	
-0.09	12.86	2.26	9.79	180	h02-008.png	
0.17	22.2	2.84	5.09	-15	h02-012.png	
0.03	15.71	1.65	8.04	30	h02-017.png	
-0.16	11.89	3.11	7.26	180	h02-019.png	
0.3	11.88	1.52	12.43	-15	h02-022.png	
-0.09	7.0	4.0	22.91	45	h02-024.png	
0.03	12.11	1.65	11.96	0	h02-028.png	
0.11	16.5	4.3	7.6	-15	h02-035.png	
-0.15	10.44	2.59	15.17	30	h02-037.png	
-0.29	20.2	2.03	1.81	45	h02-040.png	
0.07	16.11	2.36	6.77	45	h02-043.png	
0.38	10.86	1.2	13.14	15	h02-049.png	
0.17	14.1	5.39	12.36	15	h04-000.png	
-0.04	15.33	4.57	10.04	0	h04-007.png	
0.09	16.38	4.33	7.62	180	h04-021.png	
0.22	23.17	2.89	4.97	180	h04-025.png	
0.27	21.0	3.48	6.87	180	h04-028.png	
0.03	13.88	0.43	4.72	180	h04-035.png	
-0.08	10.0	7.1	11.63	180	h04-049.png	
0.01	9.8	4.29	13.16	180	h04-052.png	
0.33	10.71	10.08	14.81	180	h04-055.png	
-0.05	13.3	1.73	11.29	30	h04-057.png	
0.14	13.9	1.44	8.91	30	h04-061.png	
0.01	23.33	0.6	5.82	30	h04-071.png	
1.05	20.25	0.3	7.82	30	h04-074.png	
-0.03	11.0	8.27	11.58	-30	h04-078.png	
-0.32	11.58	1.21	8.85	-30	h04-082.png	
0.42	10.5	2.76	15.13	30	h05-012.png	
0.04	6.14	10.1	25.27	180	h06-000.png	
-0.16	6.11	7.53	28.21	180	h06-003.png	
0.15	14.56	1.72	9.78	15	h06-079.png	
0.4	12.64	0.87	9.25	0	h06-082.png	
0.06	12.0	2.58	11.83	180	h06-085.png	
0.06	13.91	0.86	8.65	0	h06-089.png	
0.34	10.5	1.33	14.17	5	h06-092.png	
0.49	10.57	4.07	14.41	0	h06-096.png	
-0.13	13.86	3.68	11.6	0	h07-000.png	
-0.29	13.1	1.22	8.62	0	h07-003.png	
-0.25	12.9	1.16	9.9	45	h07-007.png	
0.03	14.33	4.82	8.83	0	h07-011.png	
-0.36	21.1	1.09	6.21	30	h07-013.png	
-0.14	22.56	3.63	6.27	30	h07-017.png	
-0.06	21.44	1.49	8.48	30	h07-020.png	
-0.04	21.78	1.61	7.33	30	h07-023.png	
-0.45	15.91	1.82	9.26	45	h07-025.png	
-0.19	21.56	1.53	7.37	30	h07-025a.png	
0.37	15.73	3.18	12.41	45	h07-028.png	
0.07	15.0	1.13	10.55	30	h07-028a.png	
-0.28	15.4	5.13	10.47	45	h07-030.png	
-0.34	15.3	1.31	8.96	30	h07-030a.png	
-0.05	15.5	5.48	9.37	45	h07-033.png	
0.01	16.09	0.99	8.42	45	h07-033a.png	
-0.04	16.2	3.21	9.22	45	h07-037.png	
-0.15	16.43	3.65	8.86	30	h07-037a.png	
-0.43	10.09	1.78	12.42	45	h07-040.png	
-0.21	15.64	1.28	8.54	45	h07-040b.png	
-0.44	8.33	2.16	20.15	45	h07-044a.png	
-0.24	10.45	1.24	14.23	45	h07-051b.png	
-0.36	16.22	0.31	8.65	-5	h07-054a.png	
-0.26	15.5	1.61	8.53	-5	h07-057a.png	
-0.25	14.33	0.56	12.7	-5	h07-060a.png	
-0.01	22.22	0.81	6.66	5	h07-060b.png	
0.21	17.56	2.85	7.69	-5	h07-063a.png	
-0.45	23.9	2.72	6.19	5	h07-063b.png	
0.03	15.17	1.52	9.22	-5	h07-066a.png	
0.05	20.14	1.84	7.41	5	h07-066b.png	
-0.03	13.29	3.01	10.96	30	h07-069.png	
-0.45	21.17	2.55	6.18	5	h07-069a.png	
-0.46	13.8	4.71	9.43	30	h07-071.png	
-0.42	19.4	0.88	7.09	5	h07-071a.png	
-0.57	13.62	1.47	10.62	30	h07-075.png	
-0.49	26.57	0.68	4.07	15	h07-075a.png	
-0.37	13.9	1.58	14.46	30	h07-078.png	
-0.48	25.5	0.9	5.12	15	h07-078a.png	
-0.17	14.6	2.81	10.53	30	h07-080.png	
-0.76	22.8	1.67	4.12	15	h07-080a.png	
-1.02	21.89	0.0	3.95	15	h07-084.png	
-0.1	14.0	2.93	16.45	180	h07-087.png	
0.22	8.9	4.61	17.97	30	j01-045.png	
0.42	6.8	0.44	29.92	180	j01-049.png	
0.07	19.25	1.4	7.75	30	j01-063.png	
0.13	14.64	1.37	9.02	45	j01-066.png	
0.39	4.0	17.25	22.25	0	j01-070.png	
0.17	16.22	1.05	10.58	15	j04-008.png	
-0.05	1.67	30.54	67.47	-15	j04-012.png	
0.32	17.89	2.01	9.52	15	j04-015.png	
0.31	15.4	2.08	8.06	180	j04-019.png	
0.17	15.6	2.12	10.01	180	j04-024.png	
0.12	13.33	2.85	10.08	-15	j04-035.png	
0.04	13.5	2.74	8.77	180	j04-039.png	
0.08	13.0	3.0	11.11	-15	j04-046.png	
-0.12	9.67	5.17	17.3	180	j04-053.png	
0.11	10.83	6.0	14.73	180	j04-061.png	
-0.04	10.5	2.76	13.1	180	j04-065.png	
0.52	21.0	1.14	7.69	15	j04-070.png	
0.29	21.8	1.06	7.35	15	j04-076.png	
0.27	8.38	0.6	17.97	0	j04-080.png	
0.25	10.25	3.41	15.61	15	j04-094.png	
0.38	19.6	0.71	6.06	15	j04-098.png	
0.15	9.71	4.74	19.77	0	j04-103.png	
-0.01	16.4	2.38	7.2	180	j04-111.png	
0.43	16.71	2.45	7.69	180	j04-115.png	
0.24	12.0	2.08	13.2	180	j06-000.png	
0.36	11.4	2.11	12.69	0	j06-005.png	
0.24	12.2	2.38	12.74	180	j06-008.png	
0.28	15.0	0.6	8.43	180	j06-014.png	
0.59	13.55	0.81	9.77	15	j06-018.png	
0.69	16.18	1.73	9.55	15	j06-022.png	
-0.25	16.3	1.84	8.79	15	j06-026.png	
-0.03	16.18	0.19	12.16	15	j06-030.png	
-0.01	13.82	0.0	11.62	15	j06-034.png	
-0.01	13.58	0.96	6.64	15	j06-051.png	
0.45	14.27	0.0	10.32	15	j06-056.png	
0.01	15.38	1.69	9.31	180	j07-000.png	
-0.48	23.89	0.67	5.05	15	j07-005.png	
-0.21	14.0	3.43	10.51	180	j07-009.png	
-0.69	15.0	3.2	10.5	180	j07-012.png	
-0.09	16.14	4.28	9.89	0	j07-015.png	
0.24	8.1	5.8	15.31	30	k01-051.png	
0.52	16.29	2.15	9.02	30	k02-018.png	
0.11	27.2	1.21	5.1	30	k02-023.png	
0.1	10.2	10.88	14.98	45	k02-029.png	
0.05	13.14	2.89	11.02	30	k02-036.png	
-0.19	21.14	1.66	8.61	-5	k02-053.png	
0.3	24.89	3.05	5.68	5	k02-062.png	
-0.13	15.71	2.36	10.38	180	k02-067.png	
0.07	8.33	4.32	22.3	30	k02-076.png	
0.16	14.83	2.63	11.91	30	k02-093.png	
0.23	14.56	1.3	9.85	15	k02-097.png	
0.5	11.86	2.28	12.32	-15	k02-102.png	
0.04	18.0	2.5	9.38	180	k02-112.png	
-0.26	12.12	1.49	10.39	-5	k02-117.png	
-0.01	16.33	1.53	9.67	45	k03-117.png	
-0.08	11.29	8.06	16.13	45	k03-138.png	
-0.11	10.67	3.28	8.54	30	k03-144.png	
-0.01	12.62	1.43	12.07	30	k03-152.png	
-0.12	4.0	8.0	30.42	45	k03-157.png	
-0.06	2.0	19.5	48.67	-30	k03-164.png	
-0.17	9.0	4.67	5.49	45	k03-180.png	
0.12	19.33	2.12	9.63	180	k04-000.png	
-0.13	13.17	1.21	5.06	180	k04-005.png	
0.15	19.7	3.05	7.55	180	k04-010.png	
-0.33	14.29	1.33	11.26	180	k04-014.png	
-0.04	13.5	0.81	13.64	15	k04-017.png	
0.18	13.88	1.51	13.0	0	k04-022.png	
0.05	11.71	3.84	14.66	15	k04-028.png	
0.24	12.38	2.02	13.73	15	k04-033.png	
-0.44	17.71	1.64	8.01	180	k04-039.png	
-0.09	17.83	2.24	4.58	45	k04-050.png	
0.02	19.75	2.23	5.06	30	k04-054.png	
0.0	9.75	10.56	10.67	180	k04-057.png	
0.08	8.89	9.0	11.34	0	k04-061.png	
-0.01	12.67	4.74	12.63	15	k04-064.png	
0.15	12.11	7.18	13.31	15	k04-068.png	
0.26	21.12	1.56	3.32	15	k04-075.png	
0.03	22.27	1.17	3.38	15	k04-079.png	
0.82	10.38	2.5	14.79	0	k04-085.png	
-0.22	12.71	4.01	12.96	-5	k04-099.png	
0.39	11.5	3.65	13.64	0	k04-103.png	
0.61	11.71	3.42	10.35	15	k04-106.png	
0.43	15.73	0.7	8.21	180	k04-110.png	
0.54	14.75	2.71	10.34	-5	k04-115.png	
-0.11	13.29	5.27	8.46	15	k04-119.png	
0.23	18.86	2.07	8.25	15	k04-126.png	
-0.63	20.75	0.39	6.38	15	k04-136.png	
0.31	17.71	2.77	5.23	180	k04-142.png	
-0.08	17.14	2.8	8.13	180	k04-149.png	
0.62	18.43	4.61	4.07	180	k04-156.png	
-0.29	17.75	2.99	2.62	0	k04-163.png	
0.14	12.22	2.13	13.13	15	k07-059a.png	
0.62	12.43	3.62	13.93	15	k07-063a.png	
0.1	13.17	3.57	14.63	15	k07-067a.png	
0.03	12.14	2.14	13.93	15	k07-077.png	
0.08	12.86	2.26	10.69	15	k07-085.png	
-0.18	15.22	2.17	12.41	15	k07-122.png	
0.17	15.33	2.54	10.25	5	k07-125.png	
-0.02	17.43	2.52	10.25	15	k07-134.png	
0.26	16.12	2.54	11.85	15	k07-141.png	
-0.06	16.89	2.55	11.22	15	k07-146.png	
-0.51	14.88	4.3	11.2	30	k07-152.png	
-0.22	15.88	3.72	10.57	30	k07-158.png	
-0.62	16.5	2.3	9.09	30	k07-166.png	
-0.44	17.23	1.28	8.79	30	k07-176.png	
-0.02	17.82	1.4	6.57	30	k07-185.png	
-0.25	34.55	0.43	2.59	30	l01-000.png	
-0.1	15.33	4.96	10.96	-15	l01-007.png	
0.03	15.17	4.88	8.33	-15	l01-016.png	
0.08	16.57	4.53	7.41	-15	l01-023.png	
0.1	16.22	2.65	9.19	30	l01-030.png	
-0.11	14.78	3.11	12.09	30	l01-050.png	
-1.49	14.64	1.09	12.2	45	l01-065.png	
0.98	7.25	11.31	14.72	15	l01-082.png	
-0.17	4.88	8.81	36.24	-15	l01-095.png	
-0.08	12.36	2.43	10.04	180	l01-105.png	
-0.08	16.11	3.23	6.45	15	l01-111.png	
0.21	17.6	2.39	10.34	15	l01-119.png	
-0.03	7.0	7.29	19.53	-15	l01-129.png	
-0.22	13.78	2.25	10.14	30	l01-133.png	
-0.36	18.86	1.33	5.76	-15	l01-143.png	
0.16	10.88	3.68	12.99	30	l01-157.png	
0.56	13.38	3.81	5.12	15	l01-173.png	
0.03	21.22	1.04	6.64	180	l01-179.png	
-0.01	13.3	1.73	9.64	45	l01-187.png	
-0.15	11.62	5.59	12.78	45	l01-195.png	
-0.04	12.11	1.9	10.95	45	l01-199.png	
0.34	15.75	3.3	12.51	-5	l03-000.png	
0.26	14.22	1.2	10.36	-5	l03-004.png	
0.24	16.1	2.48	6.8	180	l03-008.png	
-0.14	11.75	6.04	10.36	180	l04-000.png	
-0.04	18.57	1.99	4.34	15	l04-005.png	
0.5	18.88	2.6	7.56	15	l04-012.png	
0.06	13.43	2.98	11.89	5	l04-020.png	
-0.1	12.86	3.34	10.76	0	l04-026.png	
-0.22	13.22	2.72	10.96	30	l04-034.png	
0.33	9.12	3.62	14.72	30	l04-043.png	
-0.03	19.62	3.47	6.28	45	l04-052.png	
-0.1	19.56	2.56	7.09	45	l04-062.png	
-0.34	10.71	5.6	13.46	15	l04-066.png	
-0.11	9.89	5.46	16.14	15	l04-071.png	
2.04	21.12	3.31	5.94	0	l04-082.png	
-0.34	13.6	0.44	7.16	-15	l04-087.png	
-0.21	13.0	3.15	10.04	-15	l04-093.png	
0.1	8.0	6.12	15.64	15	l04-098.png	
-0.35	8.29	4.34	18.68	180	l04-102.png	
0.47	12.43	3.06	10.36	0	l04-106.png	
0.2	12.17	4.52	11.82	180	l04-113.png	
0.03	14.62	0.0	11.03	-30	l04-118.png	
0.05	15.44	2.14	8.43	-30	l04-124.png	
-0.63	10.67	3.37	14.08	30	l04-130.png	
0.22	10.88	9.47	16.84	45	l04-136.png	
-0.06	14.5	2.41	6.14	15	l04-141.png	
0.3	12.2	4.75	11.46	15	l04-147.png	
0.31	7.29	4.39	26.35	15	l04-153.png	
0.14	12.78	0.86	11.01	15	l04-159.png	
0.18	16.25	1.97	6.88	180	l04-163.png	
0.09	14.57	4.26	8.63	180	l04-170.png	
0.46	14.0	0.5	9.6	180	l04-174.png	
0.25	13.0	3.08	11.56	180	l04-179.png	
0.18	14.6	4.25	7.27	15	l07-065.png	
0.35	14.4	5.35	6.18	5	l07-074.png	
-0.18	20.33	1.97	5.1	15	l07-080.png	
-0.13	21.25	1.74	4.88	30	l07-085.png	
-0.61	22.0	0.36	5.26	15	l07-111.png	
0.25	27.83	2.91	5.11	0	l07-118.png	
-0.01	24.5	2.78	6.23	180	l07-131.png	
-0.1	25.11	4.42	5.63	180	l07-135.png	
-0.26	24.0	2.79	6.4	180	l07-138.png	
0.2	15.82	3.48	8.15	-15	l07-172.png	
-0.07	15.86	2.59	8.08	-30	l07-176.png	
-0.11	15.0	1.67	8.24	-15	l07-181.png	
-0.04	15.33	1.5	7.81	-15	l07-187.png	
0.69	14.6	0.55	8.33	-15	l07-190.png	
0.14	19.29	2.33	7.36	15	m01-000.png	
-0.02	17.0	1.47	6.13	15	m01-012.png	
0.55	22.0	1.32	6.22	30	m01-017.png	
0.27	9.6	5.0	12.85	0	m01-022.png	
-0.13	14.62	4.04	10.91	0	m01-026.png	
-0.25	14.62	4.79	10.19	30	m01-032.png	
-0.25	19.8	1.36	7.68	0	m01-038.png	
0.65	10.73	2.61	13.65	180	m01-049.png	
-0.1	19.0	1.58	3.75	0	m01-060.png	
-0.36	13.0	1.31	14.78	15	m01-079.png	
-0.25	15.62	2.5	12.14	0	m01-084.png	
-0.23	10.38	3.56	15.79	30	m01-090.png	
0.24	17.0	1.82	9.83	15	m01-095.png	
0.25	18.33	1.85	7.34	180	m01-100.png	
-0.58	14.62	1.92	8.23	15	m01-104.png	
-0.25	18.73	0.48	6.59	30	m01-110.png	
-0.45	22.75	1.85	2.97	0	m01-115.png	
0.39	11.25	2.84	9.1	15	m01-121.png	
0.85	17.18	0.93	10.02	180	m01-125.png	
0.0	19.0	1.95	8.27	180	m01-131.png	
0.54	17.25	3.83	6.31	-5	m01-136.png	
0.11	11.25	0.98	9.74	0	m01-149.png	
-0.23	15.0	2.2	13.94	30	m01-160.png	
0.54	13.36	0.82	9.81	30	m02-048.png	
0.11	18.86	1.11	6.19	15	m02-052.png	
0.46	17.67	1.7	8.97	-15	m02-055.png	
-0.08	19.71	1.37	9.47	5	m02-059.png	
-0.66	23.5	1.45	5.89	30	m02-066.png	
0.26	17.67	3.11	7.94	45	m02-069.png	
0.17	25.0	0.8	3.62	30	m02-072.png	
0.1	15.12	2.38	10.33	45	m02-075.png	
-0.06	17.11	1.46	10.19	0	m02-080.png	
0.18	11.09	3.34	10.24	45	m02-083.png	
0.05	15.57	1.86	7.55	45	m02-087.png	
0.35	5.9	11.19	23.0	180	m02-090.png	
0.21	16.0	0.38	8.3	-30	m02-095.png	
0.26	16.5	2.24	8.68	15	m02-102.png	
0.27	14.9	4.16	7.33	30	m02-106.png	
0.33	19.12	1.73	7.18	45	m02-109.png	
0.17	17.83	2.47	7.24	30	m02-112.png	
-0.11	18.1	3.15	6.44	30	m03-006.png	
0.18	12.0	2.83	12.4	0	m03-013.png	
-0.08	11.33	3.62	16.52	180	m03-020.png	
-0.11	17.71	1.92	5.36	180	m03-033.png	
-0.12	13.56	1.03	10.26	30	m03-062.png	
0.37	18.67	2.04	7.12	5	m03-095.png	
0.28	16.5	3.39	7.53	180	m03-110.png	
0.36	18.6	1.24	5.56	180	m03-114.png	
0.03	9.5	5.16	14.08	0	m03-118.png	
-0.15	13.12	3.2	13.69	15	m04-000.png	
-0.05	17.44	4.93	4.54	15	m04-007.png	
-0.19	15.6	5.32	9.09	15	m04-012.png	
0.13	12.88	8.31	10.68	15	m04-019.png	
0.0	14.88	6.65	6.07	15	m04-024.png	
-0.16	24.0	1.33	5.47	-15	m04-030.png	
0.0	26.2	0.92	4.37	-15	m04-038.png	
0.92	25.2	2.66	5.25	-15	m04-043.png	
0.0	26.8	1.57	3.91	-15	m04-061.png	
0.69	19.9	3.27	6.98	15	m04-072.png	
0.16	18.75	2.13	7.93	30	m04-078.png	
0.15	16.7	4.37	6.84	15	m04-081.png	
-0.0	16.4	1.52	8.45	30	m04-093.png	
0.01	17.0	2.53	7.18	30	m04-100.png	
-0.08	21.6	1.3	6.4	30	m04-107.png	
-0.09	20.64	1.7	5.06	30	m04-113.png	
-0.02	21.09	1.61	5.24	30	m04-123.png	
0.18	21.0	1.38	6.25	30	m04-131.png	
-0.19	19.1	1.57	5.31	30	m04-138.png	
0.11	6.29	12.72	22.55	15	m04-145.png	
0.1	5.25	15.24	27.7	15	m04-152.png	
-0.0	4.5	19.78	33.17	15	m04-164.png	
0.21	4.5	19.33	32.19	0	m04-180.png	
-0.07	15.7	4.71	7.17	30	m04-190.png	
0.19	17.86	2.07	7.45	15	m04-200.png	
-0.02	15.17	2.9	9.42	15	m04-209.png	
0.01	15.83	2.84	8.56	15	m04-216.png	
0.26	15.14	1.19	9.97	15	m04-222.png	
-0.06	15.33	1.63	9.68	5	m04-231.png	
0.17	16.33	3.31	9.37	15	m04-238.png	
-0.1	15.14	2.71	10.75	15	m04-246.png	
-0.17	8.17	4.41	19.48	45	m06-019.png	
0.09	15.29	1.83	8.71	-15	m06-031.png	
0.09	15.2	3.42	9.07	-15	m06-042.png	
0.2	14.75	2.37	10.73	-15	m06-048.png	
0.36	17.33	2.89	10.98	-15	m06-056.png	
0.49	15.0	2.6	10.76	-15	m06-067.png	
0.52	14.67	3.27	12.76	-15	m06-076.png	
0.21	15.43	3.56	11.12	0	m06-083.png	
0.78	16.0	3.06	11.42	-5	m06-091.png	
0.78	15.0	3.47	10.12	-15	m06-098.png	
0.13	15.44	1.88	7.91	-15	m06-106.png	
0.39	13.62	2.06	11.95	30	n01-000.png	
0.81	18.14	2.32	5.61	45	n01-004.png	
0.77	14.5	1.72	9.67	30	n01-009.png	
0.29	21.7	1.2	7.39	30	n01-020.png	
0.51	19.11	1.41	10.16	15	n01-031.png	
-0.04	8.67	6.34	21.84	30	n01-036.png	
0.03	20.7	1.21	9.24	30	n01-045.png	
0.0	46.44	0.67	1.1	0	n01-052.png	
-0.15	26.44	0.87	5.23	45	n01-057.png	
0.24	13.43	0.74	9.78	0	n02-000.png	
0.01	14.22	5.2	11.32	180	n02-004.png	
0.32	14.57	3.16	12.68	180	n02-009.png	
0.21	12.25	0.9	12.37	180	n02-016.png	
-0.42	16.91	2.72	10.79	0	n02-028.png	
0.43	16.78	1.67	9.22	15	n02-033.png	
0.46	16.22	2.53	10.09	30	n02-037.png	
0.21	19.25	2.34	7.69	30	n02-040.png	
0.05	17.62	1.65	8.58	30	n02-045.png	
0.0	16.67	1.32	10.4	0	n02-049.png	
0.25	14.3	5.17	5.38	30	n02-054.png	
0.23	12.5	1.84	12.18	30	n02-062.png	
-0.13	10.57	4.07	15.34	30	n02-082a.png	
0.43	15.75	2.54	11.64	180	n02-098.png	
0.11	17.25	1.16	10.1	15	n02-104.png	
0.18	17.62	1.65	9.35	30	n02-109.png	
0.24	20.56	3.7	6.99	30	n02-114.png	
0.51	20.0	1.6	8.4	45	n02-120.png	
-0.14	15.88	2.14	8.98	30	n02-127.png	
-0.33	13.43	1.19	11.5	180	n02-146.png	
0.44	20.82	1.34	7.31	30	n02-151.png	
-0.34	11.83	4.23	14.67	5	n02-154.png	
0.92	19.11	1.05	7.2	15	n02-157.png	
-0.03	12.17	3.78	11.54	45	n03-038.png	
0.06	13.33	2.55	12.42	5	n03-064.png	
0.11	11.0	8.0	14.75	180	n03-066.png	
0.14	14.29	3.36	13.93	15	n03-079.png	
0.0	20.0	0.9	8.82	180	n03-082.png	
-0.2	10.62	3.3	10.73	-15	n03-091.png	
-0.07	20.25	2.07	4.07	15	n03-097.png	
-0.12	23.1	2.12	6.42	180	n03-103.png	
0.25	12.73	2.36	8.06	30	n03-106.png	
0.07	12.7	2.91	11.1	45	n03-113.png	
-0.01	17.22	1.8	8.01	45	n03-120.png	
0.16	16.4	3.54	6.74	45	n03-126.png	
0.68	12.83	4.44	13.9	180	n04-000.png	
0.03	11.86	4.72	15.17	0	n04-009.png	
-0.09	18.86	1.11	7.21	180	n04-015.png	
-0.03	19.62	0.87	7.95	-5	n04-022.png	
-0.19	21.71	1.52	6.67	-5	n04-031.png	
0.29	20.17	1.44	6.72	-5	n04-039.png	
0.1	16.4	3.72	8.17	-5	n04-044.png	
0.14	23.56	0.34	6.55	15	n04-048.png	
-0.3	23.0	1.13	7.11	15	n04-052.png	
0.36	25.57	1.49	6.01	30	n04-060.png	
0.1	23.88	0.88	6.02	30	n04-068.png	
0.13	25.71	0.89	5.35	15	n04-075.png	
0.61	16.43	1.03	9.89	15	n04-084.png	
0.32	16.0	4.25	8.25	15	n04-092.png	
0.58	16.71	1.08	6.92	15	n04-100.png	
0.47	15.0	1.13	9.36	15	n04-107.png	
0.31	16.12	3.35	8.72	15	n04-114.png	
0.0	20.0	2.1	7.19	0	n04-130.png	
-0.35	22.67	1.32	7.53	-5	n04-139.png	
0.0	14.89	2.89	12.96	0	n04-149.png	
-0.28	14.8	2.03	11.5	-5	n04-156.png	
1.9	25.12	1.59	6.9	-5	n04-163.png	
0.08	21.86	2.29	7.43	15	n04-171.png	
0.06	22.71	1.94	6.73	15	n04-183.png	
0.86	22.0	2.36	6.06	15	n04-190.png	
0.19	25.0	1.8	5.37	15	n04-195.png	
0.25	12.89	5.66	12.36	0	n04-202.png	
0.23	13.0	6.85	11.55	0	n04-209.png	
0.49	13.43	6.78	8.59	180	n04-213.png	
-0.04	12.7	3.62	12.29	180	n04-218.png	
-0.12	13.14	5.33	10.9	0	n06-074.png	
0.17	13.0	4.38	11.71	180	n06-082.png	
0.24	11.12	3.06	13.53	180	n06-092.png	
0.63	13.33	3.3	10.75	180	n06-100.png	
0.26	11.75	4.17	12.31	0	n06-111.png	
0.81	12.5	6.8	12.51	180	n06-119.png	
0.36	10.6	3.02	14.34	0	n06-123.png	
0.51	13.0	3.85	12.55	180	n06-128.png	
0.43	10.67	4.87	12.37	180	n06-133.png	
0.01	11.25	4.8	15.48	180	n06-140.png	
0.32	5.5	10.0	25.68	45	n06-148.png	
0.15	6.0	12.17	27.5	45	n06-156.png	
0.13	6.33	6.16	27.86	45	n06-163.png	
0.24	7.0	7.43	21.19	45	n06-169.png	
0.49	7.0	7.57	26.41	45	n06-175.png	
0.02	7.67	9.65	22.27	45	n06-182.png	
0.06	7.25	10.21	25.66	45	n06-186.png	
0.27	8.29	5.55	18.3	45	n06-194.png	
-0.12	8.33	8.64	20.91	30	n06-201.png	
-0.43	14.27	1.05	6.4	30	p01-147.png	
-0.07	9.9	3.54	14.91	45	p01-155.png	
0.91	13.14	3.88	11.74	30	p01-168.png	
0.64	11.22	5.88	9.93	45	p01-174.png	
0.36	17.5	3.66	7.5	-5	p02-000.png	
0.0	15.09	2.19	8.24	45	p02-008.png	
-0.44	14.71	3.67	10.83	30	p02-017.png	
0.25	23.62	1.4	4.76	-5	p02-022.png	
0.3	16.8	3.51	8.9	0	p02-027.png	
0.24	16.9	2.37	9.77	45	p02-069.png	
0.83	12.45	3.53	14.56	-15	p02-076.png	
0.27	11.6	5.78	11.81	0	p02-081.png	
-0.01	15.11	3.97	9.09	45	p02-090.png	
0.33	12.38	5.17	11.74	30	p02-101.png	
0.13	15.75	2.22	7.47	30	p02-105.png	
1.08	18.43	4.45	8.25	5	p02-109.png	
0.07	17.22	2.73	7.32	30	p02-115.png	
0.64	19.17	0.37	8.52	0	p02-121.png	
0.29	15.0	3.4	8.91	30	p02-127.png	
0.02	13.38	3.51	12.61	0	p02-131.png	
0.32	16.33	2.76	8.55	30	p02-135.png	
0.25	9.0	8.0	13.42	-5	p02-139.png	
0.42	23.27	0.26	3.98	15	p02-144.png	
0.35	13.5	2.52	7.62	15	p02-150.png	
0.67	13.83	2.31	6.68	-5	p03-004.png	
0.39	3.25	19.38	36.0	-15	p03-009.png	
-0.03	14.67	1.7	8.44	-30	p03-012.png	
0.18	12.5	2.48	15.68	180	p03-023.png	
-0.01	18.43	2.12	6.26	15	p03-027.png	
0.37	17.4	2.59	8.94	180	p03-029.png	
0.04	14.8	4.53	7.69	30	p03-033.png	
0.62	7.33	5.18	21.71	0	p03-040.png	
-0.19	12.5	3.36	8.48	45	p03-047.png	
-0.19	18.22	1.76	8.62	0	p03-057.png	
0.23	9.17	5.56	17.54	-5	p03-069.png	
0.05	9.29	4.95	17.5	180	p03-072.png	
0.14	4.8	13.54	15.56	45	p03-080.png	
0.02	17.45	1.66	9.95	0	p03-087.png	
-0.23	17.8	1.35	10.71	0	p03-096.png	
0.06	17.88	1.79	7.25	0	p03-103.png	
-0.2	17.1	1.75	9.78	180	p03-112.png	
-0.54	16.14	4.21	8.92	180	p03-121.png	
-0.09	16.83	2.61	9.87	30	p03-135.png	
0.07	19.29	1.87	8.28	5	p03-142.png	
-0.01	17.88	1.4	8.52	15	p03-151.png	
0.17	7.83	6.13	16.15	15	p03-158.png	
0.55	19.62	2.85	6.94	-30	p03-163.png	
0.22	8.0	3.12	14.15	-15	p03-173.png	
-0.94	20.7	1.59	3.97	30	p03-181.png	
0.08	11.88	2.19	11.72	0	p03-185.png	
-0.34	14.0	16.14	7.29	45	p03-189.png	
-0.11	19.89	2.11	7.78	30	p06-030.png	
-0.77	24.4	0.61	4.0	45	p06-042.png	
-0.42	23.09	1.86	4.59	30	p06-047.png	
0.07	19.78	1.42	5.51	30	p06-052.png	
0.16	24.09	0.75	6.2	30	p06-069.png	
0.82	25.2	0.87	3.96	30	p06-088.png	
0.11	25.67	0.74	4.82	30	p06-096.png	
0.27	23.7	1.65	5.72	30	p06-104.png	
0.17	14.29	2.24	13.72	15	p06-242.png	
0.2	13.6	5.37	14.99	15	p06-248.png	
0.14	13.25	1.89	14.58	15	r02-000.png	
0.32	14.17	2.82	10.32	15	r02-003.png	
0.37	13.7	5.11	10.15	45	r02-006.png	
-0.18	19.62	0.25	6.41	45	r02-010.png	
0.11	22.64	1.1	5.08	45	r02-013.png	
0.95	15.86	2.9	15.81	-5	r02-038.png	
0.3	15.43	3.05	9.95	0	r02-054.png	
0.11	25.4	1.57	6.62	0	r02-060.png	
0.32	19.14	1.25	7.61	30	r02-065.png	
0.43	14.71	2.45	10.03	30	r02-070.png	
0.35	10.0	4.9	21.39	45	r02-078.png	
0.15	26.0	3.54	2.9	30	r02-081.png	
-0.07	24.18	0.41	3.52	45	r02-089.png	
0.43	16.4	1.1	7.87	180	r02-109.png	
0.48	17.86	2.07	10.73	5	r02-117.png	
0.19	13.17	4.1	14.73	180	r02-127.png	
0.0	10.0	5.0	16.47	30	r02-131.png	
-0.54	23.56	1.36	5.5	45	r02-137.png	
0.26	17.4	0.86	9.63	45	r02-146.png	
0.44	15.3	4.12	9.17	15	r03-002.png	
-0.26	17.12	1.99	10.82	15	r03-007.png	
0.37	19.55	0.66	7.65	15	r03-026.png	
-0.05	6.33	7.58	20.91	180	r03-030.png	
0.44	15.89	2.33	10.19	15	r03-035.png	
0.19	13.0	2.85	13.19	30	r03-050.png	
0.25	17.78	2.36	7.89	30	r03-053.png	
0.04	17.29	0.35	8.22	15	r03-056.png	
-0.07	10.57	1.7	11.11	15	r03-065.png	
0.16	26.4	0.98	5.18	45	r03-084.png	
0.04	7.2	6.81	23.77	15	r03-090.png	
0.25	11.67	4.71	11.38	180	r03-096.png	
0.22	13.56	0.74	6.74	15	r03-110.png	
0.44	10.5	8.19	20.95	-15	r03-115.png	
1.07	13.0	4.31	16.26	15	r06-000.png	
0.22	13.75	1.53	10.83	15	r06-003.png	
0.15	14.29	3.08	11.41	15	r06-007.png	
1.1	13.5	4.67	15.68	15	r06-011.png	
0.38	12.67	3.16	12.97	15	r06-018.png	
0.61	13.14	3.42	11.01	15	r06-022.png	
0.01	13.43	2.98	12.48	5	r06-027.png	
0.04	19.86	2.06	8.4	15	r06-035.png	
-0.62	24.0	1.58	6.56	15	r06-041.png	
-0.09	20.0	1.85	7.56	15	r06-044.png	
0.78	22.0	1.55	7.57	15	r06-049.png	
0.98	19.78	1.62	8.06	15	r06-053.png	
0.8	19.44	2.01	7.58	15	r06-057.png	
0.54	18.11	2.04	9.26	15	r06-062.png	
0.37	22.8	0.88	6.45	15	r06-066.png	
-0.02	22.33	1.61	8.11	15	r06-070.png	
-0.12	19.89	1.86	8.04	15	r06-076.png	
0.35	7.55	3.97	19.31	180	r06-090.png	
0.35	9.36	2.67	15.12	0	r06-097.png	
0.59	8.88	6.87	17.82	0	r06-103.png	
0.48	10.89	4.32	13.11	180	r06-106.png	
0.43	11.33	5.56	14.23	180	r06-111.png	
0.3	11.64	2.32	12.75	0	r06-115.png	
0.11	10.55	2.84	13.53	180	r06-121.png	
-0.02	10.9	4.22	13.71	0	r06-126.png	
0.4	10.9	4.22	12.66	0	r06-130.png	
0.34	12.0	3.92	9.93	180	r06-137.png	
1.06	14.8	5.2	12.62	15	r06-143.png	
